index,chembl_full_mwt,chembl_alogp,chembl_num_ro5_violations,pubchem_cid,availability_type,black_box_warning,chembl_aromatic_rings,chembl_cx_logd,chembl_cx_logp,chembl_hba,chembl_hba_lipinski,chembl_hbd,chembl_hbd_lipinski,chembl_heavy_atoms,chembl_mw_freebase,chembl_mw_monoisotopic,chembl_np_likeness_score,chembl_num_lipinski_ro5_violations,chembl_psa,chembl_qed_weighted,chembl_rtb,chirality,dosed_ingredient,first_in_class,natural_product,oral,parenteral,polymer_flag,prodrug,therapeutic_flag,topical
chembl_full_mwt,1.0,0.7378458987324484,0.664150649274336,0.29012867881494875,,,0.6202416344101064,0.619475370072914,0.7212368948959392,0.4811980508989336,0.422115265740019,0.16813481713331754,0.06877557567527692,0.9830026754236378,1.0,0.9999951985434128,0.027104412184833948,0.6466676519704997,0.25752803416724773,-0.34759737121588785,0.39835396888292457,-0.019457779992454155,,0.03609440263231432,-0.08796585182331171,,,,0.03609440263231432,,
chembl_alogp,0.7378458987324484,1.0,0.6649785445849141,0.27023573697063585,,,0.5237601228323175,0.834931572821828,0.9420831409601165,-0.0841655391415388,-0.22743343046006687,-0.26712467936860407,-0.35446181709058927,0.7354355363830964,0.7378458987324483,0.7373239125359076,-0.10002127968948202,0.6197606542181666,-0.32402424594076307,-0.1812945347537927,0.3288908075142286,-0.06286791028143855,,0.06628756907744784,-0.1805560967817936,,,,0.06628756907744784,,
chembl_num_ro5_violations,0.664150649274336,0.6649785445849141,1.0,0.09200225671694584,,,0.36100175657042993,0.4667351700807542,0.5903099623541961,0.12449147235947358,0.14855998320352412,0.0862989828626465,0.027827010155254163,0.6506193530540514,0.664150649274336,0.6637296714377772,-0.037015902558155844,0.9888419032686696,0.11154181131596039,-0.6122495888247501,0.47520005539657667,-0.04386963764974634,,0.07664807349388723,-0.10426743705779912,,,,0.07664807349388723,,
pubchem_cid,0.29012867881494875,0.27023573697063585,0.09200225671694584,1.0,,,0.2029473351534385,0.20839835876257654,0.2443691097855831,-0.06767442437765116,-0.042769308968851304,-0.22869602648582846,-0.2040300858641032,0.2605918898680331,0.2901286788149488,0.28947260765322297,-0.2492688799262298,0.08607426042647272,-0.15272880920814988,0.06636025201120795,0.08772887479695213,-0.07244804943821996,,0.0485224976169229,-0.47811657624673104,,,,0.0485224976169229,,
availability_type,,,,,,,,,,,,,,,,,,,,,,,,,,,,,,,
black_box_warning,,,,,,,,,,,,,,,,,,,,,,,,,,,,,,,
chembl_aromatic_rings,0.6202416344101064,0.5237601228323175,0.36100175657042993,0.2029473351534385,,,1.0,0.5718591234485204,0.5478496267225328,0.39659682313977396,0.15950552967134,0.012918991784378374,-0.04759111737221952,0.6492099877078589,0.6202416344101064,0.6201171656868827,-0.1061563470350383,0.33002596914308413,0.010984503455258502,-0.053944257801822944,-0.14876708196751265,0.03412102395321066,,-0.009071925190745645,0.17890583761006373,,,,-0.009071925190745645,,
chembl_cx_logd,0.619475370072914,0.834931572821828,0.4667351700807542,0.20839835876257654,,,0.5718591234485204,1.0,0.8788377684689681,0.10188749540862765,-0.19059981267738163,-0.3010469412599852,-0.3834142868632469,0.6477158409623176,0.6194753700729139,0.6192504628097016,-0.09112770058120703,0.3889659436418306,-0.3397967338376068,-0.08813692280480728,0.14130955233965647,0.008001286501591966,,0.0060050142423078295,-0.0020768465728619816,,,,0.0060050142423078295,,
chembl_cx_logp,0.7212368948959392,0.9420831409601165,0.5903099623541961,0.2443691097855831,,,0.5478496267225328,0.8788377684689681,1.0,0.005184804100497284,-0.17343064855178797,-0.2243328384034596,-0.3285314197868843,0.7318814675924061,0.7212368948959392,0.720948008835035,-0.12267651258674282,0.552784059164772,-0.2917623211014304,-0.13548796653724418,0.2941644934485116,-0.027952720653318074,,0.029553302209467697,-0.12783547013341592,,,,0.029553302209467697,,
chembl_hba,0.4811980508989336,-0.0841655391415388,0.12449147235947358,-0.06767442437765116,,,0.39659682313977396,0.10188749540862765,0.005184804100497284,1.0,0.8637812787529946,0.514674876256873,0.479462442863009,0.514697901806622,0.48119805089893347,0.4822957524642967,0.4106709894726675,0.1309509557795881,0.7286889082179113,-0.24342018828039785,0.08928208406246052,0.11381782807084866,,-0.08806658261224987,0.3694914402183954,,,,-0.08806658261224987,,
chembl_hba_lipinski,0.422115265740019,-0.22743343046006687,0.14855998320352412,-0.042769308968851304,,,0.15950552967134,-0.19059981267738163,-0.17343064855178797,0.8637812787529946,1.0,0.6548158655550931,0.6357433170024016,0.41825568671913727,0.4221152657400191,0.4231301186162763,0.31987515687376283,0.18817774295996995,0.9147461342175818,-0.38576172639352224,0.2367937600380143,0.07298268113132075,,-0.025502749540794283,0.19618313108332922,,,,-0.025502749540794283,,
chembl_hbd,0.16813481713331754,-0.26712467936860407,0.0862989828626465,-0.22869602648582846,,,0.012918991784378374,-0.3010469412599852,-0.2243328384034596,0.514674876256873,0.6548158655550931,1.0,0.9546091544953863,0.15810605149252885,0.1681348171333176,0.16892782404334564,0.37874142586650433,0.11867567533493958,0.8377681331369379,-0.4657565783374945,0.23832500725306183,0.172892464742182,,-0.16428582767294353,0.2446044267522096,,,,-0.16428582767294353,,
chembl_hbd_lipinski,0.06877557567527692,-0.35446181709058927,0.027827010155254163,-0.2040300858641032,,,-0.04759111737221952,-0.3834142868632469,-0.3285314197868843,0.479462442863009,0.6357433170024016,0.9546091544953863,1.0,0.06689560280124793,0.06877557567527692,0.06957226103923735,0.3725897492861301,0.05734184004356854,0.8484692138170036,-0.41393920296385206,0.20523429620511668,0.14708607639489538,,-0.1289033114408472,0.2311812839063601,,,,-0.1289033114408472,,
chembl_heavy_atoms,0.9830026754236378,0.7354355363830964,0.6506193530540514,0.2605918898680331,,,0.6492099877078589,0.6477158409623176,0.7318814675924061,0.514697901806622,0.41825568671913727,0.15810605149252885,0.06689560280124793,1.0,0.9830026754236378,0.9834224298823845,0.09167041635765688,0.6323419192129388,0.24506783633872806,-0.3226276564999353,0.40550073111606905,-0.013189934991938776,,0.044615442463534695,-0.013715963955051647,,,,0.044615442463534695,,
chembl_mw_freebase,1.0,0.7378458987324483,0.664150649274336,0.2901286788149488,,,0.6202416344101064,0.6194753700729139,0.7212368948959392,0.48119805089893347,0.4221152657400191,0.1681348171333176,0.06877557567527692,0.9830026754236378,1.0,0.9999951985434128,0.027104412184833948,0.6466676519704997,0.25752803416724773,-0.34759737121588785,0.39835396888292457,-0.019457779992454155,,0.03609440263231432,-0.08796585182331171,,,,0.03609440263231432,,
chembl_mw_monoisotopic,0.9999951985434128,0.7373239125359076,0.6637296714377772,0.28947260765322297,,,0.6201171656868827,0.6192504628097016,0.720948008835035,0.4822957524642967,0.4231301186162763,0.16892782404334564,0.06957226103923735,0.9834224298823845,0.9999951985434128,1.0,0.028275435902680536,0.64628668688021,0.25846390668260094,-0.347865031707455,0.39917016749419026,-0.019337981400012524,,0.03637481563154836,-0.08695167765928316,,,,0.03637481563154836,,
chembl_np_likeness_score,0.027104412184833948,-0.10002127968948202,-0.037015902558155844,-0.2492688799262298,,,-0.1061563470350383,-0.09112770058120703,-0.12267651258674282,0.4106709894726675,0.31987515687376283,0.37874142586650433,0.3725897492861301,0.09167041635765688,0.027104412184833948,0.028275435902680536,1.0,-0.03944992662420981,0.39507925484900824,-0.09850160170912381,0.05261953487195047,0.2007811851604207,,-0.25674969261779906,0.35457333083213916,,,,-0.25674969261779906,,
chembl_num_lipinski_ro5_violations,0.6466676519704997,0.6197606542181666,0.9888419032686696,0.08607426042647272,,,0.33002596914308413,0.3889659436418306,0.552784059164772,0.1309509557795881,0.18817774295996995,0.11867567533493958,0.05734184004356854,0.6323419192129388,0.6466676519704997,0.64628668688021,-0.03944992662420981,1.0,0.1529187179772064,-0.6166485157689792,0.482433796584987,-0.043938064527343605,,0.07676762744108202,-0.1153965263369051,,,,0.07676762744108202,,
chembl_psa,0.25752803416724773,-0.32402424594076307,0.11154181131596039,-0.15272880920814988,,,0.010984503455258502,-0.3397967338376068,-0.2917623211014304,0.7286889082179113,0.9147461342175818,0.8377681331369379,0.8484692138170036,0.24506783633872806,0.25752803416724773,0.25846390668260094,0.39507925484900824,0.1529187179772064,1.0,-0.4791987861629841,0.26477341148525163,0.106817859313194,,-0.06331031857370728,0.21642411564123362,,,,-0.06331031857370728,,
chembl_qed_weighted,-0.34759737121588785,-0.1812945347537927,-0.6122495888247501,0.06636025201120795,,,-0.053944257801822944,-0.08813692280480728,-0.13548796653724418,-0.24342018828039785,-0.38576172639352224,-0.4657565783374945,-0.41393920296385206,-0.3226276564999353,-0.34759737121588785,-0.347865031707455,-0.09850160170912381,-0.6166485157689792,-0.4791987861629841,1.0,-0.5192736729153107,-0.04459214927504304,,-0.029208037400153368,0.05990605348585587,,,,-0.029208037400153368,,
chembl_rtb,0.39835396888292457,0.3288908075142286,0.47520005539657667,0.08772887479695213,,,-0.14876708196751265,0.14130955233965647,0.2941644934485116,0.08928208406246052,0.2367937600380143,0.23832500725306183,0.20523429620511668,0.40550073111606905,0.39835396888292457,0.39917016749419026,0.05261953487195047,0.482433796584987,0.26477341148525163,-0.5192736729153107,1.0,-0.08508945476034203,,0.11996351215106557,-0.12125823679803928,,,,0.11996351215106557,,
chirality,-0.019457779992454155,-0.06286791028143855,-0.04386963764974634,-0.07244804943821996,,,0.03412102395321066,0.008001286501591966,-0.027952720653318074,0.11381782807084866,0.07298268113132075,0.172892464742182,0.14708607639489538,-0.013189934991938776,-0.019457779992454155,-0.019337981400012524,0.2007811851604207,-0.043938064527343605,0.106817859313194,-0.04459214927504304,-0.08508945476034203,1.0,,-0.5723943812052382,0.0924500327042049,,,,-0.5723943812052382,,
dosed_ingredient,,,,,,,,,,,,,,,,,,,,,,,,,,,,,,,
first_in_class,0.03609440263231432,0.06628756907744784,0.07664807349388723,0.0485224976169229,,,-0.009071925190745645,0.0060050142423078295,0.029553302209467697,-0.08806658261224987,-0.025502749540794283,-0.16428582767294353,-0.1289033114408472,0.044615442463534695,0.03609440263231432,0.03637481563154836,-0.25674969261779906,0.07676762744108202,-0.06331031857370728,-0.029208037400153368,0.11996351215106557,-0.5723943812052382,,1.0,-0.0538381902058167,,,,1.0,,
natural_product,-0.08796585182331171,-0.1805560967817936,-0.10426743705779912,-0.47811657624673104,,,0.17890583761006373,-0.0020768465728619816,-0.12783547013341592,0.3694914402183954,0.19618313108332922,0.2446044267522096,0.2311812839063601,-0.013715963955051647,-0.08796585182331171,-0.08695167765928316,0.35457333083213916,-0.1153965263369051,0.21642411564123362,0.05990605348585587,-0.12125823679803928,0.0924500327042049,,-0.0538381902058167,1.0,,,,-0.0538381902058167,,
oral,,,,,,,,,,,,,,,,,,,,,,,,,,,,,,,
parenteral,,,,,,,,,,,,,,,,,,,,,,,,,,,,,,,
polymer_flag,,,,,,,,,,,,,,,,,,,,,,,,,,,,,,,
prodrug,0.03609440263231432,0.06628756907744784,0.07664807349388723,0.0485224976169229,,,-0.009071925190745645,0.0060050142423078295,0.029553302209467697,-0.08806658261224987,-0.025502749540794283,-0.16428582767294353,-0.1289033114408472,0.044615442463534695,0.03609440263231432,0.03637481563154836,-0.25674969261779906,0.07676762744108202,-0.06331031857370728,-0.029208037400153368,0.11996351215106557,-0.5723943812052382,,1.0,-0.0538381902058167,,,,1.0,,
therapeutic_flag,,,,,,,,,,,,,,,,,,,,,,,,,,,,,,,
topical,,,,,,,,,,,,,,,,,,,,,,,,,,,,,,,
